[0;2.59715]
[1;3.59071]
[2;4.5701]
[3;5.53145]
[4;6.47097]
[5;7.38496]
[6;8.2698]
[7;9.122]
[8;9.9382]
[9;10.7152]
[10;11.4499]
[11;12.1394]
[12;12.781]
[13;13.3721]
[14;13.9105]
[15;14.394]
[16;14.8207]
[17;15.1889]
[18;15.4971]
[19;15.7442]
[20;15.9291]
[21;16.0512]
[22;16.11]
[23;16.1051]
[24;16.0367]
[25;15.905]
[26;15.7106]
[27;15.4541]
[28;15.1366]
[29;14.7595]
[30;14.324]
[31;13.832]
[32;13.2855]
[33;12.6865]
[34;12.0374]
[35;11.3409]
[36;10.5995]
[37;9.81639]
[38;8.9945]
[39;8.13711]
[40;7.2476]
[41;6.32949]
[42;5.3864]
[43;4.42206]
[44;3.44026]
[45;2.44489]
[46;1.43986]
[47;0.429158]
[48;-0.583242]
[49;-1.59334]
[50;-2.59715]
[51;-3.59071]
[52;-4.5701]
[53;-5.53145]
[54;-6.47097]
[55;-7.38496]
[56;-8.2698]
[57;-9.122]
[58;-9.9382]
[59;-10.7152]
[60;-11.4499]
[61;-12.1394]
[62;-12.781]
[63;-13.3721]
[64;-13.9105]
[65;-14.394]
[66;-14.8207]
[67;-15.1889]
[68;-15.4971]
[69;-15.7442]
[70;-15.9291]
[71;-16.0512]
[72;-16.11]
[73;-16.1051]
[74;-16.0367]
[75;-15.905]
[76;-15.7106]
[77;-15.4541]
[78;-15.1366]
[79;-14.7595]
[80;-14.324]
[81;-13.832]
[82;-13.2855]
[83;-12.6865]
[84;-12.0374]
[85;-11.3409]
[86;-10.5995]
[87;-9.81639]
[88;-8.9945]
[89;-8.13711]
[90;-7.2476]
[91;-6.32949]
[92;-5.38641]
[93;-4.42206]
[94;-3.44026]
[95;-2.44489]
[96;-1.43986]
[97;-0.429159]
[98;0.583241]
[99;1.59334]
------------------------
[0;2.59715]
[1;3.59071]
[2;4.5701]
[3;5.53145]
[4;6.47097]
[5;7.38496]
[6;8.2698]
[7;9.122]
[8;9.9382]
[9;10.7152]
[10;11.4499]
[11;12.1394]
[12;12.781]
[13;13.3721]
[14;13.9105]
[15;14.394]
[16;14.8207]
[17;15.1889]
[18;15.4971]
[19;15.7442]
[20;15.9291]
[21;16.0512]
[22;16.11]
[23;16.1051]
[24;16.0367]
[25;15.905]
[26;15.7106]
[27;15.4541]
[28;15.1366]
[29;14.7595]
[30;14.324]
[31;13.832]
[32;13.2855]
[33;12.6865]
[34;12.0374]
[35;11.3409]
[36;10.5995]
[37;9.81639]
[38;8.9945]
[39;8.13711]
[40;7.2476]
[41;6.32949]
[42;5.3864]
[43;4.42206]
[44;3.44026]
[45;2.44489]
[46;1.43986]
[47;0.429158]
[48;-0.583242]
[49;-1.59334]
[50;-2.59715]
[51;-3.59071]
[52;-4.5701]
[53;-5.53145]
[54;-6.47097]
[55;-7.38496]
[56;-8.2698]
[57;-9.122]
[58;-9.9382]
[59;-10.7152]
[60;-11.4499]
[61;-12.1394]
[62;-12.781]
[63;-13.3721]
[64;-13.9105]
[65;-14.394]
[66;-14.8207]
[67;-15.1889]
[68;-15.4971]
[69;-15.7442]
[70;-15.9291]
[71;-16.0512]
[72;-16.11]
[73;-16.1051]
[74;-16.0367]
[75;-15.905]
[76;-15.7106]
[77;-15.4541]
[78;-15.1366]
[79;-14.7595]
[80;-14.324]
[81;-13.832]
[82;-13.2855]
[83;-12.6865]
[84;-12.0374]
[85;-11.3409]
[86;-10.5995]
[87;-9.81639]
[88;-8.9945]
[89;-8.13711]
[90;-7.2476]
[91;-6.32949]
[92;-5.38641]
[93;-4.42206]
[94;-3.44026]
[95;-2.44489]
[96;-1.43986]
[97;-0.429159]
[98;0.583241]
[99;1.59334]
